accuracy = 0.879187091503268
batch_size = 32
epoch = 8
eval_loss = 0.5876062680477142
f1 = 0.8297703879651622
global_step = 15352
learning_rate = 2e-05
precision = 0.8429649795817349
recall = 0.8169824898057088
